00 00 00 00 00 01 01 01 01 01 01 01 01 01 01 00 00 00 00 00
00 00 00 01 01 01 01 01 01 01 01 01 01 01 01 01 01 00 00 00
00 00 01 01 01 01 02 02 02 02 02 02 02 02 01 01 01 01 00 00
00 01 01 01 02 02 02 02 02 02 02 02 02 02 02 02 01 01 01 00
00 01 01 02 02 02 02 02 02 02 02 02 02 02 02 02 02 01 01 00
01 01 02 02 02 02 02 02 02 02 02 02 02 02 02 02 02 01 01 01
01 01 02 02 02 02 02 02 02 02 02 02 02 02 02 02 02 02 01 01
01 01 02 02 02 02 02 02 02 02 02 02 02 02 02 02 02 02 01 01
01 01 02 02 02 02 02 02 02 02 02 02 02 02 02 02 02 02 01 01
01 01 02 02 02 02 02 02 02 02 02 02 02 02 02 02 02 02 01 01
01 01 02 02 02 02 02 02 02 02 02 02 02 02 02 02 02 02 01 01
01 01 02 02 02 02 02 02 02 02 02 02 02 02 02 02 02 02 01 01
01 01 02 02 02 02 02 02 02 02 02 02 02 02 02 02 02 02 01 01
01 01 02 02 02 02 02 02 02 02 02 02 02 02 02 02 02 02 01 01
01 01 02 02 02 02 02 02 02 02 02 02 02 02 02 02 02 01 01 01
00 01 01 02 02 02 02 02 02 02 02 02 02 02 02 02 02 01 01 00
00 01 01 01 02 02 02 02 02 02 02 02 02 02 02 02 01 01 01 00
00 00 01 01 01 01 02 02 02 02 02 02 02 02 01 01 01 01 00 00
00 00 00 01 01 01 01 01 01 01 01 01 01 01 01 01 01 00 00 00
00 00 00 00 00 01 01 01 01 01 01 01 01 01 01 00 00 00 00 00
_morir-es.vivir-
00 00 00 00 00 01 01 01 01 01 01 01 01 01 01 00 00 00 00 00
00 00 00 01 01 01 01 01 01 01 01 01 01 01 01 01 01 00 00 00
00 00 01 01 01 01 00 00 00 00 00 00 00 00 01 01 01 01 00 00
00 01 01 01 00 00 00 00 00 00 00 00 00 00 00 00 01 01 01 00
00 01 01 00 00 00 00 00 00 00 00 00 00 00 00 00 00 01 01 00
01 01 01 00 00 00 00 00 00 00 00 00 00 00 00 00 00 01 01 01
01 01 00 00 00 00 00 00 00 00 00 00 00 00 00 00 00 00 01 01
01 01 00 00 00 00 00 00 00 00 00 00 00 00 00 00 00 00 01 01
01 01 00 00 00 00 00 00 00 00 00 00 00 00 00 00 00 00 01 01
01 01 M1 00 00 00 00 00 00 00 00 00 00 00 00 00 00 00 01 01
01 01 00 00 00 00 00 00 00 00 00 00 00 00 00 00 00 M1 01 01
01 01 00 00 00 00 00 00 00 00 00 00 00 00 00 00 00 00 01 01
01 01 00 00 00 00 00 00 00 00 00 00 00 00 00 00 00 00 01 01
01 01 00 00 00 00 00 00 00 00 00 00 00 00 00 00 00 00 01 01
01 01 01 00 00 00 00 00 00 00 00 00 00 00 00 00 00 01 01 01
00 01 01 00 00 00 00 00 00 00 00 00 00 00 00 00 00 01 01 00
00 01 01 01 00 00 00 00 00 00 00 00 00 00 00 00 01 01 01 00
00 00 01 01 01 01 00 00 00 00 M1 00 00 00 01 01 01 01 00 00
00 00 00 01 01 01 01 01 01 01 01 01 01 01 01 01 01 00 00 00
00 00 00 00 00 01 01 01 01 01 01 01 01 01 01 00 00 00 00 00
-RikkaEsKawaiii*
00 00 00 00 00 01 01 01 01 01 01 01 01 01 01 00 00 00 00 00
00 00 00 01 01 00 00 00 00 00 00 00 00 00 00 01 01 00 00 00
00 00 01 00 00 00 00 00 00 00 00 00 00 00 00 00 00 01 00 00
00 01 00 00 00 00 00 00 00 00 00 00 00 00 00 00 00 00 01 00
00 01 00 00 00 00 00 00 00 00 00 00 00 00 00 00 00 00 01 00
01 00 00 00 00 00 00 00 00 00 00 00 00 00 00 00 00 00 00 01
01 00 00 00 00 00 00 00 00 00 00 00 00 00 00 00 00 00 00 01
01 00 00 00 00 00 00 00 00 00 00 00 00 00 00 00 00 00 00 01
01 00 00 00 00 00 00 00 00 00 00 00 00 00 00 00 00 00 00 01
01 00 00 00 00 00 00 00 00 00 00 00 00 00 00 00 00 00 00 01
01 00 00 00 00 00 00 00 00 00 00 00 00 00 00 00 00 00 00 01
01 00 00 00 00 00 00 00 00 00 00 00 00 00 00 00 00 00 00 01
01 00 00 00 00 00 00 00 00 00 M1 00 00 00 00 00 00 00 00 01
01 00 00 00 00 00 00 00 00 00 00 00 00 00 00 00 00 00 00 01
01 00 00 00 00 00 00 00 00 00 00 00 00 00 00 00 00 00 00 01
00 01 00 00 00 00 00 00 00 00 00 00 00 00 00 00 00 00 01 00
00 01 00 00 00 00 00 00 00 00 00 00 00 00 00 00 00 00 01 00
00 00 01 00 00 00 00 00 00 00 00 00 00 00 00 00 00 01 00 00
00 00 00 01 01 00 00 00 00 00 00 00 00 00 00 01 01 00 00 00
00 00 00 00 00 01 01 01 01 01 01 01 01 01 01 00 00 00 00 00
-kaosInOrderOmnisinTerra
00 00 00 00 00 01 01 01 01 01 01 01 01 01 01 00 00 00 00 00
00 M1 00 01 01 00 00 00 00 00 00 00 00 00 00 01 01 00 00 00
00 00 01 00 00 00 00 00 00 00 00 00 00 00 00 00 00 01 00 00
00 01 00 00 M1 00 00 00 00 00 00 00 00 00 00 00 00 00 01 00
00 01 00 00 00 00 00 00 00 00 00 00 00 00 00 00 00 00 01 00
01 00 00 00 00 00 00 00 00 00 00 00 00 00 00 00 00 00 00 01
01 00 00 00 00 00 00 00 00 00 00 00 00 00 00 00 00 00 00 01
01 00 00 00 M1 00 00 00 00 00 00 00 00 00 M1 00 00 00 00 01
01 00 00 00 00 00 00 00 00 00 00 00 00 00 00 00 00 00 00 01
01 00 00 00 00 00 00 00 00 00 00 00 00 00 00 00 00 00 00 01
01 00 00 00 00 00 00 00 00 00 00 00 00 00 00 00 00 00 00 01
01 00 00 00 00 00 00 00 00 00 00 00 00 00 00 00 00 00 00 01
01 00 00 00 00 00 00 00 00 00 00 00 00 00 00 00 00 00 00 01
01 00 00 00 00 00 00 00 00 00 00 00 00 00 00 00 00 00 00 01
01 00 00 00 00 M1 00 00 00 00 00 00 00 00 00 00 00 00 00 01
00 01 00 00 00 00 00 00 00 00 00 00 00 00 00 00 00 00 01 00
00 01 00 00 00 00 00 00 00 00 00 00 00 00 00 00 00 00 01 00
00 00 01 00 00 00 00 00 00 00 00 00 00 00 00 M1 00 01 00 00
00 00 00 01 01 00 00 00 00 00 00 00 00 00 00 01 01 00 00 00
00 00 00 00 00 01 01 01 01 01 01 01 01 01 01 00 00 00 00 00